acc = 0.8095838587641866
eval_loss = 0.6986473923921586
f1 = 0.8095838587641866
mcc = 0.7508701664513905
